IU Chest
images: 7470, pixels:672300000
mean: [[0.48158933 0.48158933 0.48158933]]
var:  [[0.06893546 0.06893546 0.06893546]]
std: [[0.26255564 0.26255564 0.26255564]]

Chest-XRay8
images: 112120, pixels:100908000009
mean: [[0.1534339  0.19879097 0.15122881]]
var:  [[0.06811598 0.09415037 0.06557917]]
std: [[0.26099038 0.30683932 0.2560843 ]]

MIMIC-CXR
mean: [[0.13779617 0.19685432 0.13849967]]
var:  [[0.06896381 0.10424719 0.06617149]]
std: [[0.26260962 0.32287334 0.25723819]]